(1000, 6, 0): 12525198633928975245
(1000, 6, 0): 12525198633928975245
(1000, 6, 0): 51240624705060286164
(1000, 6, 0): 51240624705060286164
(1000, 6, 0): 6262599316964487622
(1000, 6, 0): 6262599316964487622
(1000, 6, 0): 50100794535715900980
(1000, 6, 0): 50100794535715900980
(1000, 6, 0): 25620312352530143082
(1000, 6, 0): 25620312352530143082
(1000, 6, 0): 25050397267857950490
(1000, 6, 0): 25050397267857950490
(50, 3, 0): 445357919718
(50, 3, 0): 445357919718
(150, 6, 0): 50100794535715900980
(100, 6, 0): 50100794535715900980
(100, 6, 0): 6262599316964487622
(100, 10, 0): 5084301539167822532
(100, 10, 0): 5084301539167822532
(100, 10, 0): 5084301539167822532
(100, 10, 0): 5084301539167822532
(100, 10, 0): 258632332899572558
(100, 10, 0): 258632332899572558
(100, 10, 0): 5084301539167822532
(100, 10, 0): 5084301539167822532
(100, 10, 0): 1651650254029552365
(100, 10, 0): 1651650254029552365
(100, 10, 0): 869254094135352458362
(100, 10, 0): 869254094135352458362
(100, 10, 0): 77323583773039249
(100, 10, 0): 77323583773039249
(100, 10, 0): 1731002810358638106484
(100, 10, 0): 1731002810358638106484
(100, 10, 0): 1089717767984504606
(100, 10, 0): 1089717767984504606
(100, 10, 0): 1738508188270704916724
(100, 10, 0): 1738508188270704916724
(100, 10, 0): 6606601016118209460
(100, 10, 0): 6606601016118209460
(100, 10, 0): 517264665799145116
(100, 10, 0): 517264665799145116
(100, 10, 0): 1747653717863641086708
(100, 10, 0): 1747653717863641086708
(100, 10, 0): 3303300508059104730
(100, 10, 0): 3303300508059104730
(100, 10, 0): 1271075384791955633
(100, 10, 0): 1271075384791955633
(100, 10, 0): 154647167546078498
(100, 10, 0): 154647167546078498
(100, 10, 0): 825825127014776182
(100, 10, 0): 825825127014776182
(100, 10, 0): 544858883992252303
(100, 10, 0): 544858883992252303
(100, 10, 0): 635537692395977816
(100, 10, 0): 635537692395977816
(100, 10, 0): 411618928156429748
(100, 10, 0): 411618928156429748
(100, 10, 0): 23832446506912586306764668928
(100, 10, 0): 23832446506912586306764668928
(100, 10, 0): 33436882452932129138686296064
(100, 10, 0): 33436882452932129138686296064
(100, 10, 0): 23832446506912586306765146112
(100, 10, 0): 23832446506912586306765146112
(100, 10, 0): 174171558218522125093142790144
(100, 10, 0): 174171558218522125093142790144
(100, 10, 0): 56750270603896157001555640320
(100, 10, 0): 56750270603896157001555640320
(100, 10, 0): 65306411040883064736382976
(100, 10, 0): 65306411040883064736382976
(100, 10, 0): 568328484713883924924
(100, 10, 0): 568328484713883924924
(100, 10, 0): 14660381958900682529087422464
(100, 10, 0): 14660381958900682529087422464
(100, 10, 0): 340072717839073137642906320896
(100, 10, 0): 340072717839073137642906320896
(100, 10, 0): 174171558218522125093142814336
(100, 10, 0): 174171558218522125093142814336
(100, 10, 0): 348186659167735300344
(100, 10, 0): 348186659167735300344
(100, 10, 0): 455739490506035669689696256
(100, 10, 0): 455739490506035669689696256
(100, 10, 0): 288440029153493604116884870046
(100, 10, 0): 288440029153493604116884870046
(100, 10, 0): 14316779256738947782311936
(100, 10, 0): 14316779256738947782311936
(100, 10, 0): 452579797720688470984069480448
(100, 10, 0): 452579797720688470984069480448
(100, 10, 0): 19329597221994766168072650752
(100, 10, 0): 19329597221994766168072650752
(100, 10, 0): 757282733028412032
(100, 10, 0): 757282733028412032
(100, 10, 0): 933889693891726475942
(100, 10, 0): 933889693891726475942
(100, 10, 0): 233970667469328262836341473280
(100, 10, 0): 233970667469328262836341473280
(100, 10, 0): 241012490677224280
(100, 10, 0): 241012490677224280
(100, 10, 0): 103016645116103323907328
(100, 10, 0): 103016645116103323907328
(100, 10, 0): 116985335985782374833502938864
(100, 10, 0): 116985335985782374833502938864
(100, 10, 0): 2383742436749382201844432896
(100, 10, 0): 2383742436749382201844432896
(100, 6, 0): 391779799778029211190105735168
(100, 6, 0): 391779799778029211190105735168
(100, 6, 0): 300870367039754014744652021760
(100, 6, 0): 300870367039754014744652021760
(100, 6, 0): 300870367039754014744810356736
(100, 6, 0): 300870367039754014744810356736
(100, 6, 0): 300870367039754014744713101312
(100, 6, 0): 300870367039754014744713101312
(100, 6, 0): 300870367039754014744751112192
(100, 6, 0): 300870367039754014744751112192
(100, 6, 0): 300870367039754014744682561536
(100, 6, 0): 300870367039754014744682561536
(100, 6, 0): 128365680722462980672630386688
(100, 6, 0): 128365680722462980672630386688
(100, 6, 0): 300870367039754014744701566976
(100, 6, 0): 300870367039754014744701566976
(100, 6, 0): 300870367039754014744731189248
(100, 6, 0): 300870367039754014744731189248
(100, 6, 0): 128365680722462983266790014976
(100, 6, 0): 128365680722462983266790014976
(100, 6, 0): 300870367039754014744671813632
(100, 6, 0): 300870367039754014744671813632
(100, 6, 0): 300870367039754014744676794368
(100, 6, 0): 300870367039754014744676794368
(100, 6, 0): 300870367039754014744691605504
(100, 6, 0): 300870367039754014744691605504
(100, 6, 0): 300870367039754014744659656704
(100, 6, 0): 300870367039754014744659656704
(100, 6, 0): 300870367039754014744667291648
(100, 6, 0): 300870367039754014744667291648
(100, 6, 0): 300870367039754014744664408064
(100, 6, 0): 300870367039754014744664408064
(100, 6, 0): 300870367039754014744661917696
(100, 6, 0): 300870367039754014744661917696
(100, 6, 0): 300870367039754014744655839232
(100, 6, 0): 300870367039754014744655839232
(100, 6, 0): 300870367039754014744658214912
(100, 6, 0): 300870367039754014744658214912
(100, 6, 0): 300870367039754014744653930496
(100, 6, 0): 300870367039754014744653930496
(100, 6, 0): 300870367039754014744655118336
(100, 6, 0): 300870367039754014744655118336
(100, 6, 0): 300870367039754014744656969728
(100, 6, 0): 300870367039754014744656969728
(100, 6, 0): 300870367039754014744652795904
(100, 6, 0): 300870367039754014744652795904
(100, 6, 0): 300870367039754014744653258752
(100, 6, 0): 300870367039754014744653258752
(100, 6, 0): 300870367039754014744652640256
(100, 6, 0): 300870367039754014744652640256
(100, 6, 0): 300870367039754014744652976128
(100, 6, 0): 300870367039754014744652976128
(100, 6, 0): 300870367039754014744653570048
(100, 6, 0): 300870367039754014744653570048
(100, 6, 0): 300870367039754014744654495744
(100, 6, 0): 300870367039754014744654495744
(100, 6, 0): 300870367039754014744652331008
(100, 6, 0): 300870367039754014744652331008
(100, 6, 0): 300870367039754014744652498944
(100, 6, 0): 300870367039754014744652498944
(100, 6, 0): 300870367039754014744652408832
(100, 6, 0): 300870367039754014744652408832
(100, 6, 0): 300870367039754014744652260352
(100, 6, 0): 300870367039754014744652260352
(100, 6, 0): 300870367039754014744652215296
(100, 6, 0): 300870367039754014744652215296
(100, 6, 0): 128365680722462991049270755328
(100, 6, 0): 128365680722462991049270755328
(100, 6, 0): 128365680722462984675539288064
(100, 6, 0): 128365680722462984675539288064
(100, 6, 0): 128365680722462985860950261760
(100, 6, 0): 128365680722462985860950261760
(100, 6, 0): 128365680722462982674084528128
(100, 6, 0): 128365680722462982674084528128
(100, 6, 0): 128365680722462981969709891584
(100, 6, 0): 128365680722462981969709891584
(100, 6, 0): 128365680722462980922811613184
(100, 6, 0): 128365680722462980922811613184
(100, 6, 0): 128365680722462981172993458176
(100, 6, 0): 128365680722462981172993458176
(100, 6, 0): 128365680722462981673357148160
(100, 6, 0): 128365680722462981673357148160
(100, 6, 0): 128365680722462980834764783616
(100, 6, 0): 128365680722462980834764783616
(100, 6, 0): 128365680722462981321169829888
(100, 6, 0): 128365680722462981321169829888
(100, 6, 0): 128365680722462980996899799040
(100, 6, 0): 128365680722462980996899799040
(100, 6, 0): 128365680722462980672708935680
(100, 6, 0): 128365680722462980672708935680
(100, 6, 0): 457085542512819127263899648
(100, 6, 0): 457085542512819127263899648
(100, 6, 0): 563471014638906494638043136
(100, 6, 0): 563471014638906494638043136
(100, 6, 0): 29253473657460696868948365519
(100, 6, 0): 29253473657460696868948365519
(100, 6, 0): 373915027558304880203515477730
(100, 6, 0): 373915027558304880203515477730
(100, 6, 0): 468055579141440038940333105984
(100, 6, 0): 468055579141440038940333105984
(100, 6, 0): 7313368674268925260577751644
(100, 6, 0): 7313368674268925260577751644
(100, 6, 0): 25713226848675392523396454304
(100, 6, 0): 25713226848675392523396454304
(100, 6, 0): 354001808258497713115424931956
(100, 6, 0): 354001808258497713115424931956
(100, 6, 0): 36055093579166878360555339232
(100, 6, 0): 36055093579166878360555339232
(100, 10, 0): 29167327392386282860140947550
(100, 10, 0): 29167327392386282860140947550
(100, 6, 0): 3539695837489517154589
(100, 6, 0): 3539695837489517154589
(100, 6, 0): 2810468130557941198319
(100, 6, 0): 2810468130557941198319
(100, 6, 0): 12525198633928975245
(100, 6, 0): 12525198633928975245
(100, 6, 0): 22804585738225677702
(100, 6, 0): 22804585738225677702
(100, 6, 0): 70051841214241929060
(100, 6, 0): 70051841214241929060
(100, 6, 0): 9138774447798971642930
(100, 6, 0): 9138774447798971642930
(100, 6, 0): 1532627752344333679878
(100, 6, 0): 1532627752344333679878
(100, 6, 0): 102481249410120572328
(100, 6, 0): 102481249410120572328
(100, 6, 0): 25050397267857950490
(100, 6, 0): 25050397267857950490
(100, 6, 0): 3065255504688667359757
(100, 6, 0): 3065255504688667359757
(100, 6, 0): 44885955883573789500
(100, 6, 0): 44885955883573789500
(100, 6, 0): 91218342952902710808
(100, 6, 0): 91218342952902710808
(100, 6, 0): 14077423522832497785
(100, 6, 0): 14077423522832497785
(100, 6, 0): 2284693611949742910732
(100, 6, 0): 2284693611949742910732
(100, 6, 0): 7038711761416248892
(100, 6, 0): 7038711761416248892
(100, 6, 0): 1532627752344333679878
(100, 6, 0): 1532627752344333679878
(100, 6, 0): 1702135317348125664254
(100, 6, 0): 1702135317348125664254
(100, 6, 0): 6262599316964487622
(100, 6, 0): 6262599316964487622
(100, 6, 0): 2284693611949742910732
(100, 6, 0): 1532627752344333679878
(100, 6, 0): 7038711761416248892
(100, 6, 0): 1702135317348125664254
(100, 6, 0): 6262599316964487622
(100, 6, 0): 2284693611949742910732
(100, 6, 0): 7038711761416248892
(100, 6, 0): 1532627752344333679878
(100, 6, 0): 1702135317348125664254
(100, 6, 0): 6262599316964487622
(100, 6, 0): 2284693611949742910732
(100, 6, 0): 7038711761416248892
(100, 6, 0): 1532627752344333679878
(100, 6, 0): 1702135317348125664254
(100, 6, 0): 6262599316964487622
(250, 1, 0): 94
(250, 2, 0): 116
(250, 6, 0): 2284693611949742910732
(250, 6, 0): 1532627752344333679878
(250, 6, 0): 7038711761416248892
(250, 6, 0): 1702135317348125664254
(250, 6, 0): 6262599316964487622
(100, 6, 0): 2284693611949742910732
(100, 6, 0): 7038711761416248892
(100, 6, 0): 1532627752344333679878
(100, 6, 0): 6262599316964487622
(100, 6, 0): 1702135317348125664254
(100, 6, 0): 2284693611949742910732
(100, 6, 0): 1532627752344333679878
(100, 6, 0): 7038711761416248892
(100, 6, 0): 1702135317348125664254
(100, 6, 0): 6262599316964487622
(100, 1, 0): 94
(100, 10, 0): 635537692395977816
(100, 10, 0): 2908866835592937375452
(100, 10, 0): 825825127014776182
(100, 10, 0): 38661791886519624
(100, 10, 0): 51452366019553718
(100, 1, 0): 94
(100, 2, 0): 116
(100, 3, 0): 1228190494648
(100, 4, 0): 485972
(100, 4, 0): 507660
(100, 4, 0): 414204
(100, 4, 0): 379518
(100, 4, 0): 335654
(100, 5, 0): 47273995270
(100, 5, 0): 40859891212
(100, 6, 0): 2284693611949742910732
(100, 6, 0): 1532627752344333679878
(100, 6, 0): 7038711761416248892
(100, 6, 0): 1702135317348125664254
(100, 6, 0): 6262599316964487622
(100, 8, 0): 6340766886398
(100, 8, 0): 5710083050630
(100, 8, 0): 6488285287390
(100, 8, 0): 8467284381324
(100, 8, 0): 6503368333918
(100, 8, 0): 8510426828044
(100, 8, 0): 5717325553286
(100, 8, 0): 6341719536126
(100, 10, 0): 635537692395977816
(100, 10, 0): 2908866835592937375452
(100, 10, 0): 825825127014776182
(100, 10, 0): 38661791886519624
(100, 10, 0): 51452366019553718
(100, 10, 0): 635537692395977816
(100, 10, 0): 825825127014776182
(100, 10, 0): 2908866835592937375452
(100, 10, 0): 51452366019553718
(100, 6, 0): 2284693611949742910732
(100, 6, 0): 1532627752344333679878
(100, 6, 0): 7038711761416248892
(100, 6, 0): 1702135317348125664254
(100, 6, 0): 6262599316964487622
(100, 6, 0): 2284693611949742910732
(100, 6, 0): 7038711761416248892
(100, 6, 0): 1702135317348125664254
(100, 6, 0): 1532627752344333679878
(100, 6, 0): 6262599316964487622
(100, 10, 0): 635537692395977816
(100, 1, 0): 94
(100, 2, 0): 116
(100, 10, 0): 825825127014776182
(100, 10, 0): 51452366019553718
(100, 10, 0): 635537692395977816
(100, 10, 0): 825825127014776182
(100, 10, 0): 635537692395977816
(100, 10, 0): 635537692395977816
(100, 10, 0): 635537692395977816
(100, 10, 0): 825825127014776182
(100, 10, 0): 635537692395977816
(30, 22, 0): 69717904
(30, 22, 0): 74217688
(30, 22, 0): 74217688
(100, 6, 0): 2284693611949742910732
(100, 6, 0): 2284693611949742910732
(100, 6, 0): 1532627752344333679878
(100, 6, 0): 7038711761416248892
(100, 6, 0): 6262599316964487622
(100, 6, 0): 1702135317348125664254
(100, 6, 0): 2284693611949742910732
(100, 6, 0): 1532627752344333679878
(100, 6, 0): 7038711761416248892
(100, 6, 0): 1702135317348125664254
(100, 6, 0): 6262599316964487622
(30, 22, 0): 74217688
